[1, 1, 1, 1]
[1.0000000000000002, 0.9999999999999998, 1.0, 0.9999999999999998]
[1.0000000000000002, 0.9999999999999998, 1.0000000000000002, 0.9999999999999998]
[1.0000000000000002, 0.9999999999999998, 1.0000000000000002, 0.9999999999999998]
[1.0000000000000002, 0.9999999999999998, 1.0000000000000002, 0.9999999999999998]
[1.0000000000000002, 0.9999999999999998, 1.0000000000000002, 0.9999999999999998]
[1.0000000000000002, 0.9999999999999998, 1.0000000000000002, 0.9999999999999998]
[1.0000000000000002, 0.9999999999999998, 1.0000000000000002, 0.9999999999999998]
[1.0000000000000002, 0.9999999999999998, 1.0000000000000002, 0.9999999999999998]
[1.0000000000000002, 0.9999999999999998, 1.0000000000000002, 0.9999999999999998]
[1.0000000000000002, 0.9999999999999998, 1.0000000000000002, 0.9999999999999998]
[1.0000000000000002, 0.9999999999999998, 1.0000000000000002, 0.9999999999999998]
[1.0000000000000002, 0.9999999999999998, 1.0000000000000002, 0.9999999999999998]
[1.0000000000000002, 0.9999999999999998, 1.0000000000000002, 0.9999999999999998]
[1.0000000000000002, 0.9999999999999998, 1.0000000000000002, 0.9999999999999998]
[1.0000000000000002, 0.9999999999999998, 1.0000000000000002, 0.9999999999999998]
[1.0000000000000002, 0.9999999999999998, 1.0000000000000002, 0.9999999999999998]
[1.0000000000000002, 0.9999999999999998, 1.0000000000000002, 0.9999999999999998]
[1.0000000000000002, 0.9999999999999998, 1.0000000000000002, 0.9999999999999998]
[1.0000000000000002, 0.9999999999999998, 1.0000000000000002, 0.9999999999999998]
2.2
[1, 1, 1, 1]
[1.0000000000000002, 1.6999999999999997, 2.4, 3.1999999999999997]
[-3.8600000000000003, -0.9600000000000003, 0.4200000000000004, 3.2699999999999996]
[2.170000000000001, 0.575, 0.35700000000000065, 3.004]
[0.36259999999999903, 0.8115999999999992, 0.5964000000000003, 3.1574999999999998]
[-0.4094199999999987, 0.51263, 0.4582500000000006, 3.1811599999999998]
[0.15125799999999912, 0.6065879999999996, 0.43695600000000057, 3.1512629999999997]
[0.07516660000000008, 0.6445510999999993, 0.4638633000000003, 3.1606587999999993]
[-0.019666299999999137, 0.6164481999999999, 0.45540708000000096, 3.16445511]
[0.026028913999998626, 0.6205557589999994, 0.4519904010000003, 3.1616448199999994]
[0.027188636200001226, 0.6252563051999999, 0.4545196620000008, 3.1620555758999993]
[0.017162002419999767, 0.6229453672699997, 0.45414998169000076, 3.16252563052]
[0.020370877273999666, 0.6229120732839993, 0.45372693253200036, 3.162294536727]
[0.021156241637000917, 0.6234122782654999, 0.4539349169457002, 3.1622912073283995]
[0.020209702765059956, 0.6232482213135598, 0.4539379134044408, 3.1623412278265497]
[0.02038576624913746, 0.6232108097978623, 0.4538928949561055, 3.162324822131356]
[0.020508570204310073, 0.6232583085431664, 0.45390766008177985, 3.1623210809797864]
[0.02042809496164477, 0.6232491152487252, 0.4539110271181923, 3.1623258308543165]
[0.020432175255637453, 0.6232430967074248, 0.4539067522311152, 3.1623249115248724]
[0.020446650407394684, 0.6232471601476969, 0.45390757962761485, 3.1623243096707423]
